0 1.63965 -1.62154 54.4338
1 2.01823 -1.24295 52.2085
2 2.47031 -0.790878 49.4259
3 3.01284 -0.248346 46.0209
4 3.65988 0.398695 41.6813
5 4.41302 1.15183 36.3417
6 5.24687 1.98569 29.6888
7 6.09365 2.83246 21.6866
8 6.83702 3.57584 17.3065
9 7.3303 4.06912 22.6975
10 7.44582 4.18463 26.6464
11 7.13679 3.8756 28.5449
12 6.46938 3.20819 28.4151
13 5.59586 2.33467 27.4606
14 4.68731 1.42612 26.5256
15 3.87361 0.612421 24.1553
16 3.22087 -0.0403146 20.7666
17 2.74158 -0.519605 16.8409
18 2.41706 -0.844124 12.8205
19 2.21715 -1.04404 13.2485
20 2.11196 -1.14923 15.6163
21 2.07696 -1.18423 17.474
22 2.09394 -1.16724 18.7001
23 2.15025 -1.11094 19.2736
24 2.2374 -1.02379 19.2457
25 2.34981 -0.911378 18.7205
26 2.48371 -0.777475 17.8066
27 2.63626 -0.624926 16.9677
28 2.80481 -0.45638 16.2799
29 2.98624 -0.274948 15.5254
30 3.17638 -0.0848102 14.5649
31 3.36944 0.108255 13.4068
32 3.5577 0.296512 12.1357
33 3.73145 0.470263 10.7616
34 3.8796 0.618415 9.25067
35 3.99098 0.729795 7.65831
36 4.05633 0.795145 7.63173
37 4.07053 0.809348 8.3857
38 4.03422 0.773035 9.16862
39 3.95398 0.692798 9.72058
40 3.84099 0.579804 10.0087
41 3.70859 0.447406 10.1603
42 3.56989 0.308701 10.2205
43 3.43597 0.174784 10.1104
44 3.31511 0.0539246 9.82886
45 3.21269 -0.0485004 9.39567
46 3.13156 -0.129625 8.84607
47 3.07265 -0.188537 8.54415
48 3.03547 -0.225718 8.64902
49 3.01861 -0.242577 8.91061
50 3.02007 -0.241115 9.21449
51 3.03749 -0.223695 9.41603
52 3.06825 -0.192933 9.50258
53 3.10953 -0.151653 9.44777
54 3.15831 -0.10288 9.25979
55 3.21134 -0.0498456 9.02569
56 3.26524 0.00405089 8.73643
57 3.31655 0.0553622 8.37116
58 3.362 0.100813 8.02729
59 3.3988 0.137615 7.5959
60 3.425 0.16381 7.06306
61 3.43973 0.178542 6.42242
62 3.44333 0.182143 5.6931
63 3.43718 0.175996 5.00339
64 3.42337 0.16218 4.41032
65 3.40423 0.143047 3.85205
66 3.38202 0.120838 3.61214
67 3.35862 0.0974343 3.55212
68 3.33546 0.0742746 3.59589
69 3.31357 0.0523833 3.71077
70 3.29365 0.0324598 3.84983
71 3.27616 0.014974 4.00759
72 3.26143 0.000238628 4.14471
73 3.24964 -0.0115468 4.21899
74 3.24091 -0.0202779 4.23545
75 3.23525 -0.0259411 4.24764
76 3.23257 -0.0286156 4.26092
77 3.23271 -0.0284748 4.26917
78 3.2354 -0.025786 4.30141
79 3.24028 -0.0209068 4.35103
80 3.24691 -0.0142789 4.39467
81 3.25477 -0.0064192 4.43656
82 3.26328 0.00209319 4.46232
83 3.27182 0.010637 4.45852
84 3.27976 0.0185783 4.42307
85 3.2865 0.0253125 4.3518
86 3.2915 0.0303155 4.24783
87 3.29439 0.0332006 4.10311
88 3.29496 0.0337693 3.91022
89 3.29323 0.0320447 3.68321
90 3.28946 0.0282782 3.43147
91 3.28411 0.0229235 3.25625
92 3.27777 0.0165839 3.35102
93 3.27113 0.00994137 3.45455
94 3.26487 0.00368298 3.55948
95 3.25962 -0.00156376 3.65284
96 3.25591 -0.00527754 3.71576
97 3.25412 -0.00707062 3.74122
98 3.25449 -0.00669921 3.73626
99 3.25712 -0.00406234 3.69499
100 3.26199 0.000804864 3.61979
101 3.26893 0.00773935 3.51993
102 3.27764 0.0164571 3.43497
103 3.28775 0.0265591 3.33611
104 3.29872 0.0375382 3.22644
105 3.30998 0.0487905 3.17779
106 3.32082 0.0596354 3.20058
107 3.33054 0.0693502 3.25843
108 3.33841 0.077219 3.29552
109 3.34379 0.0825987 3.30736
110 3.34618 0.0849927 3.28271
111 3.34531 0.0841225 3.22786
112 3.34117 0.0799818 3.13024
113 3.33404 0.0728559 2.98721
114 3.32449 0.0632991 2.80368
115 3.31326 0.0520697 2.58494
116 3.30122 0.0400338 2.35224
117 3.28925 0.0280592 2.35537
118 3.27811 0.0169188 2.37427
119 3.26841 0.0072208 2.41278
120 3.26056 -0.000627185 2.45012
121 3.25476 -0.00642173 2.48966
122 3.25104 -0.0101424 2.51294
123 3.24927 -0.011916 2.5211
124 3.24921 -0.0119757 2.52334
125 3.25056 -0.0106224 2.51432
126 3.25299 -0.0081922 2.50211
127 3.25616 -0.0050309 2.504
128 3.25971 -0.00147669 2.50705
129 3.26334 0.00215187 2.48329
130 3.26675 0.00556341 2.4456
131 3.26969 0.00849903 2.40443
132 3.27192 0.0107369 2.35922
133 3.27328 0.0120973 2.34154
134 3.27364 0.0124488 2.32892
135 3.2729 0.0117161 2.29795
136 3.27107 0.00988743 2.2644
137 3.26821 0.0070221 2.20802
138 3.26444 0.00325373 2.13593
139 3.25998 -0.00121099 2.04656
140 3.25509 -0.00610071 1.93904
141 3.25009 -0.0110949 1.81798
142 3.24534 -0.015846 1.7523
143 3.24118 -0.0200046 1.83226
144 3.23794 -0.0232469 1.90006
145 3.23589 -0.0252982 1.95967
146 3.23523 -0.0259527 2.02072
147 3.2361 -0.0250855 2.05864
148 3.23853 -0.0226594 2.07414
149 3.24246 -0.0187241 2.06495
150 3.24777 -0.0134122 2.03348
151 3.25426 -0.00693088 1.98717
152 3.26163 0.00044793 1.9576
153 3.26959 0.0083992 1.96076
154 3.27774 0.016558 1.96375
155 3.28572 0.0245348 1.96902
156 3.29312 0.0319334 1.98308
157 3.29956 0.0383721 2.02238
158 3.30469 0.0435075 2.05483
159 3.30825 0.0470604 2.06317
160 3.31003 0.0488405 2.05201
161 3.30995 0.0487671 2.02034
162 3.30807 0.0468815 1.97731
163 3.30453 0.0433481 1.91182
164 3.29963 0.0384426 1.82232
165 3.29371 0.0325274 1.71409
166 3.2872 0.0260176 1.59984
167 3.28053 0.0193422 1.60951
168 3.27409 0.0129066 1.6638
169 3.26825 0.00706013 1.71311
170 3.26326 0.002074 1.74646
171 3.25932 -0.00187099 1.76268
172 3.2565 -0.00468612 1.77949
173 3.25482 -0.00636839 1.78087
174 3.2542 -0.00698839 1.7846
175 3.25451 -0.00667515 1.80289
176 3.25559 -0.00560005 1.83079
177 3.25723 -0.00396124 1.85319
178 3.25922 -0.00196958 1.86126
179 3.26135 0.000163605 1.85817
180 3.26342 0.00223703 1.85126
181 3.26525 0.00406834 1.83328
182 3.26669 0.0055018 1.81156
183 3.2676 0.00641484 1.80005
184 3.26791 0.00672364 1.78139
185 3.26757 0.00638751 1.76076
186 3.2666 0.00541176 1.72416
187 3.26504 0.00384844 1.67622
188 3.26298 0.00179454 1.62454
189 3.26057 -0.000612859 1.55995
190 3.25798 -0.00320451 1.48322
191 3.2554 -0.00578974 1.39602
192 3.25302 -0.00816929 1.37697
193 3.25104 -0.0101492 1.43293
194 3.24963 -0.0115545 1.47743
195 3.24895 -0.0122413 1.5108
196 3.24908 -0.012107 1.53563
197 3.25009 -0.0110968 1.55347
198 3.25198 -0.00920768 1.55511
199 3.2547 -0.00648837 1.54032
200 3.25815 -0.00303713 1.51252
201 3.26219 0.00100347 1.46994
202 3.26664 0.00545382 1.42631
203 3.27129 0.0101064 1.41122
204 3.27592 0.0147364 1.42948
205 3.2803 0.019114 1.44964
206 3.2842 0.0230174 1.46829
207 3.28743 0.0262464 1.49028
208 3.28982 0.0286355 1.50132
209 3.29125 0.0300659 1.49848
210 3.29166 0.0304749 1.48579
211 3.29105 0.0298612 1.46172
212 3.28947 0.0282856 1.4214
213 3.28705 0.0258666 1.36608
214 3.28396 0.0227704 1.2962
215 3.28038 0.0191976 1.22046
216 3.27655 0.0153661 1.17361
217 3.27268 0.0114943 1.21745
218 3.26897 0.00778477 1.24934
219 3.2656 0.00441086 1.27627
220 3.26269 0.00150716 1.29273
221 3.26035 -0.000836056 1.29746
222 3.25861 -0.00257418 1.29708
223 3.25748 -0.00370609 1.29045
224 3.25692 -0.00426928 1.28447
225 3.25685 -0.00433314 1.28066
226 3.2572 -0.00399117 1.29315
227 3.25783 -0.00335279 1.30217
228 3.25865 -0.00253535 1.30455
229 3.25953 -0.00165641 1.30158
230 3.26036 -0.000826777 1.29695
231 3.26104 -0.000144317 1.29061
232 3.2615 0.000311396 1.2925
233 3.26167 0.000483351 1.28454
234 3.26153 0.000340215 1.27768
235 3.26106 -0.000121919 1.26074
236 3.26031 -0.000879308 1.23289
237 3.2593 -0.00188201 1.19901
238 3.25813 -0.00305705 1.15534
239 3.25687 -0.00431319 1.10081
240 3.25564 -0.00554712 1.0381
241 3.25454 -0.00665057 1.01037
242 3.25367 -0.00751795 1.05152
243 3.25313 -0.00805382 1.08252
244 3.25301 -0.00817977 1.10506
245 3.25335 -0.00784004 1.11991
246 3.25418 -0.00700572 1.12856
247 3.25551 -0.00567705 1.13177
248 3.2573 -0.00388408 1.12174
249 3.2595 -0.00168534 1.09989
250 3.26202 0.000835042 1.06942
251 3.26476 0.00357172 1.03721
252 3.26759 0.00640381 1.02986
253 3.27039 0.00920153 1.04328
254 3.27302 0.0118336 1.05718
255 3.27536 0.0141748 1.06824
256 3.2773 0.0161138 1.08092
257 3.27875 0.0175601 1.08812
258 3.27964 0.0184497 1.08939
259 3.27994 0.0187498 1.08183
260 3.27965 0.0184607 1.06401
261 3.2788 0.0176154 1.03441
262 3.27746 0.0162772 0.993935
263 3.27572 0.0145347 0.949668
264 3.27368 0.0124945 0.896078
265 3.27146 0.0102737 0.86613
266 3.26918 0.00799088 0.898944
267 3.26695 0.00575843 0.923981
268 3.26486 0.0036753 0.944446
269 3.26301 0.00182161 0.957195
270 3.26144 0.000255106 0.960561
271 3.2602 -0.000990499 0.958514
272 3.25928 -0.00190527 0.953876
273 3.25869 -0.00250127 0.947797
274 3.25838 -0.00280952 0.943425
275 3.25831 -0.00287611 0.949179
276 3.25843 -0.00275773 0.957525
277 3.25867 -0.00251704 0.964041
278 3.25897 -0.00221802 0.964969
279 3.25926 -0.00192161 0.963129
280 3.2595 -0.00168177 0.962955
281 3.25964 -0.0015421 0.962357
282 3.25965 -0.00153322 0.956699
283 3.25952 -0.00167094 0.952562
284 3.25923 -0.00195543 0.939991
285 3.25882 -0.00237129 0.918691
286 3.2583 -0.00288871 0.891402
287 3.25772 -0.0034656 0.857774
288 3.25714 -0.00405052 0.817047
289 3.2566 -0.00458642 0.769483
290 3.25617 -0.00501467 0.762026
291 3.25591 -0.00527939 0.790652
292 3.25586 -0.00533155 0.812222
293 3.25605 -0.00513269 0.827988
294 3.25653 -0.00465796 0.835983
295 3.25729 -0.0038982 0.840632
296 3.25833 -0.00286115 0.840535
297 3.25962 -0.00157146 0.831909
298 3.26112 -6.9706e-05 0.814464
299 3.26278 0.00158955 0.791712
300 3.26453 0.00334067 0.769135
301 3.2663 0.00511048 0.768927
302 3.26801 0.0068224 0.7789
303 3.26959 0.0084008 0.787403
304 3.27096 0.00977548 0.795969
305 3.27207 0.0108858 0.803749
306 3.27287 0.0116843 0.806749
307 3.27333 0.0121399 0.806676
308 3.27343 0.0122391 0.799202
309 3.27317 0.0119874 0.783326
310 3.27259 0.0114078 0.760017
311 3.27173 0.0105396 0.731539
312 3.27062 0.00943534 0.697847
313 3.26934 0.00815654 0.657127
314 3.26796 0.00676981 0.655163
315 3.26653 0.00534228 0.678138
316 3.26512 0.00393732 0.696469
317 3.2638 0.00261094 0.709718
318 3.2626 0.00140885 0.718138
319 3.26155 0.000364556 0.718925
320 3.26068 -0.000501629 0.716387
321 3.26 -0.00118252 0.711114
322 3.2595 -0.00168321 0.704012
323 3.25917 -0.00201945 0.699572
324 3.25897 -0.00221549 0.705718
325 3.25888 -0.0023016 0.713065
326 3.25888 -0.00231138 0.71672
327 3.25891 -0.00227903 0.718959
328 3.25895 -0.00223681 0.718227
329 3.25897 -0.00221273 0.72147
330 3.25896 -0.00222865 0.720054
331 3.25889 -0.0022988 0.717197
332 3.25876 -0.00242894 0.712509
333 3.25857 -0.00261603 0.70173
334 3.25834 -0.00284856 0.684204
335 3.25808 -0.00310742 0.662735
336 3.25782 -0.00336741 0.636235
337 3.25759 -0.00359909 0.604095
338 3.25742 -0.00377101 0.567504
339 3.25733 -0.00385211 0.584995
340 3.25737 -0.0038141 0.604294
341 3.25755 -0.00363378 0.618055
342 3.25789 -0.00329486 0.626974
343 3.2584 -0.00278959 0.63122
344 3.25907 -0.0021196 0.632264
345 3.25989 -0.00129634 0.629871
346 3.26085 -0.000340749 0.620787
347 3.2619 0.000717584 0.606046
348 3.26303 0.00184189 0.588411
349 3.26418 0.00299012 0.57712
350 3.2653 0.00411723 0.583243
351 3.26636 0.00517765 0.590159
352 3.26731 0.00612791 0.595034
353 3.26812 0.00692908 0.601522
354 3.26874 0.00754902 0.604901
355 3.26915 0.00796424 0.606655
356 3.26935 0.00816116 0.604087
357 3.26932 0.00813679 0.595656
358 3.26909 0.00789874 0.581247
359 3.26865 0.00746449 0.563601
360 3.26805 0.00686004 0.540172
361 3.2673 0.00611812 0.513098
362 3.26646 0.00527592 0.484032
363 3.26556 0.0043727 0.502829
364 3.26463 0.00344734 0.517858
365 3.26372 0.00253616 0.531127
366 3.26286 0.00167091 0.53936
367 3.26206 0.000877356 0.543382
368 3.26136 0.000174274 0.54209
369 3.26076 -0.000426969 0.539526
370 3.26026 -0.000922327 0.534176
371 3.25987 -0.00131452 0.527118
372 3.25957 -0.00161205 0.527336
373 3.25936 -0.001828 0.531874
374 3.25921 -0.0019785 0.537325
375 3.25911 -0.00208125 0.539501
376 3.25903 -0.00215391 0.540179
377 3.25897 -0.00221274 0.542468
378 3.25892 -0.00227124 0.543267
379 3.25885 -0.00233923 0.54157
380 3.25876 -0.00242212 0.539569
381 3.25867 -0.00252056 0.534551
382 3.25856 -0.00263043 0.524195
383 3.25844 -0.00274324 0.509555
384 3.25834 -0.00284681 0.492031
385 3.25826 -0.00292624 0.470673
386 3.25822 -0.0029651 0.444452
387 3.25824 -0.00294679 0.435896
388 3.25833 -0.00285586 0.451631
389 3.25851 -0.00267938 0.463817
390 3.25878 -0.00240807 0.471556
391 3.25915 -0.00203729 0.475175
392 3.25962 -0.00156768 0.476532
393 3.26018 -0.00100548 0.475
394 3.26082 -0.000362509 0.470698
395 3.26153 0.000344239 0.461267
396 3.26228 0.00109334 0.449094
397 3.26305 0.00185995 0.437407
398 3.2638 0.0026171 0.437707
399 3.26452 0.00333712 0.443041
400 3.26518 0.00399309 0.447065
401 3.26575 0.00456038 0.450418
402 3.2662 0.00501791 0.45432
403 3.26654 0.0053494 0.456263
404 3.26673 0.00554413 0.455444
405 3.26678 0.00559753 0.45091
406 3.2667 0.00551127 0.441931
407 3.26648 0.00529308 0.430451
408 3.26614 0.00495605 0.415055
409 3.2657 0.00451783 0.395818
410 3.26519 0.00399934 0.373246
411 3.26461 0.00342358 0.372357
412 3.264 0.00281416 0.385982
413 3.26338 0.00219402 0.396516
414 3.26277 0.00158421 0.404482
415 3.26219 0.00100291 0.408938
416 3.26165 0.000464685 0.409657
417 3.26117 -1.99772e-05 0.407401
418 3.26074 -0.000444787 0.404627
419 3.26038 -0.000807533 0.399067
420 3.26008 -0.00110968 0.394651
421 3.25983 -0.00135578 0.397675
422 3.25963 -0.0015527 0.40205
423 3.25948 -0.00170877 0.404673
424 3.25935 -0.00183291 0.406199
425 3.25925 -0.00193379 0.407286
426 3.25917 -0.00201898 0.409369
427 3.25909 -0.00209439 0.409455
428 3.25902 -0.00216375 0.408847
429 3.25896 -0.00222829 0.406129
430 3.2589 -0.00228673 0.400318
431 3.25885 -0.00233535 0.390093
432 3.25882 -0.00236835 0.377925
433 3.25881 -0.00237833 0.362551
434 3.25883 -0.00235695 0.344581
435 3.25889 -0.00229565 0.325097
436 3.259 -0.00218642 0.337532
437 3.25916 -0.00202256 0.347494
438 3.25939 -0.00179936 0.354372
439 3.25967 -0.0015147 0.358249
440 3.26002 -0.00116944 0.359658
441 3.26042 -0.000767662 0.358818
442 3.26087 -0.000316692 0.355835
443 3.26136 0.000173084 0.350267
444 3.26188 0.000688615 0.34196
445 3.2624 0.00121475 0.332604
446 3.26292 0.00173494 0.329378
447 3.26342 0.00223209 0.332688
448 3.26388 0.00268938 0.336076
449 3.26428 0.00309118 0.338217
450 3.26461 0.00342382 0.341661
451 3.26486 0.00367635 0.343271
452 3.26503 0.00384101 0.343296
453 3.2651 0.00391366 0.340722
454 3.26508 0.00389393 0.335124
455 3.26497 0.00378508 0.32716
456 3.26478 0.00359384 0.316891
457 3.26452 0.00332983 0.303347
458 3.26419 0.00300502 0.287484
459 3.26382 0.00263298 0.275898
460 3.26341 0.0022281 0.287475
461 3.26299 0.00180481 0.295915
462 3.26256 0.00137683 0.303165
463 3.26214 0.00095659 0.307206
464 3.26174 0.000554649 0.308743
465 3.26137 0.000179397 0.307713
466 3.26102 -0.000163151 0.305678
467 3.26072 -0.000469365 0.302258
468 3.26045 -0.000737869 0.297555
469 3.26022 -0.00096926 0.298364
470 3.26002 -0.00116574 0.301251
471 3.25986 -0.00133064 0.304041
472 3.25972 -0.00146797 0.305727
473 3.2596 -0.00158188 0.306217
474 3.25951 -0.00167623 0.308561
475 3.25943 -0.0017542 0.309383
476 3.25937 -0.00181794 0.308734
477 3.25932 -0.0018684 0.307788
478 3.25928 -0.00190524 0.304192
479 3.25926 -0.00192685 0.297667
480 3.25926 -0.00193054 0.288577
481 3.25927 -0.00191272 0.277889
482 3.25932 -0.00186932 0.264895
483 3.25939 -0.00179613 0.249502
484 3.2595 -0.00168928 0.251993
485 3.25964 -0.00154561 0.260119
486 3.25982 -0.00136312 0.26617
487 3.26005 -0.00114125 0.269536
488 3.26031 -0.000881178 0.271095
489 3.2606 -0.000585951 0.270794
490 3.26093 -0.000260495 0.268741
491 3.26128 8.84642e-05 0.265261
492 3.26164 0.000452621 0.259642
493 3.26201 0.000822406 0.252372
494 3.26237 0.0011874 0.248209
495 3.26272 0.0015368 0.249959
496 3.26305 0.00185995 0.252963
497 3.26333 0.00214682 0.254663
498 3.26358 0.00238852 0.256892
499 3.26376 0.00257775 0.258639
500 3.2639 0.00270908 0.259052
501 3.26397 0.00277927 0.257577
502 3.26397 0.00278735 0.25397
503 3.26392 0.00273461 0.248629
504 3.26381 0.0026245 0.241416
505 3.26365 0.00246238 0.232006
506 3.26344 0.0022552 0.220571
507 3.2632 0.00201108 0.207128
508 3.26293 0.00173885 0.214372
509 3.26263 0.00144764 0.221484
510 3.26233 0.0011464 0.227408
511 3.26203 0.00084351 0.231004
512 3.26173 0.000546439 0.232877
513 3.26145 0.00026151 0.232624
514 3.26118 -6.2663e-06 0.231091
515 3.26093 -0.000253259 0.228994
516 3.26071 -0.000477181 0.225441
517 3.26051 -0.000676981 0.223983
518 3.26033 -0.00085266 0.225981
519 3.26018 -0.00100504 0.228573
520 3.26005 -0.00113549 0.230102
521 3.25994 -0.00124568 0.23081
522 3.25985 -0.00133728 0.232467
523 3.25977 -0.00141175 0.233695
524 3.25972 -0.00147016 0.233406
525 3.25967 -0.00151301 0.232871
526 3.25965 -0.00154022 0.230604
527 3.25964 -0.00155109 0.226442
528 3.25964 -0.00154439 0.219945
529 3.25967 -0.00151847 0.212315
530 3.25972 -0.00147145 0.202852
531 3.25979 -0.00140144 0.191758
532 3.25988 -0.00130674 0.188136
533 3.26 -0.00118614 0.194985
534 3.26015 -0.00103908 0.199999
535 3.26032 -0.000865873 0.202998
536 3.26052 -0.000667843 0.204562
537 3.26074 -0.000447402 0.204857
538 3.26098 -0.000208069 0.203517
539 3.26123 4.55834e-05 0.201213
540 3.26149 0.000308052 0.197253
541 3.26176 0.000573088 0.192218
542 3.26202 0.000833941 0.18797
543 3.26227 0.00108363 0.188393
544 3.2625 0.00131526 0.19063
545 3.26271 0.00152231 0.192086
546 3.26289 0.00169894 0.193425
547 3.26303 0.00184025 0.19496
548 3.26313 0.00194252 0.195527
549 3.26319 0.00200331 0.194673
550 3.26321 0.00202163 0.192312
551 3.26318 0.00199788 0.188702
552 3.26312 0.00193384 0.183613
553 3.26302 0.00183255 0.17704
554 3.26288 0.00169809 0.168787
555 3.26272 0.00153541 0.159178
556 3.26254 0.00135 0.160151
557 3.26233 0.00114769 0.166102
558 3.26212 0.000934353 0.170732
559 3.2619 0.000715639 0.174058
560 3.26168 0.000496788 0.175714
561 3.26147 0.000282445 0.175943
562 3.26126 7.65385e-05 0.17483
563 3.26107 -0.000117783 0.173539
564 3.26089 -0.000298166 0.170868
565 3.26072 -0.000463015 0.168525
566 3.26058 -0.000611411 0.170157
567 3.26044 -0.000743001 0.172103
568 3.26033 -0.000857854 0.173403
569 3.26023 -0.000956322 0.174193
570 3.26015 -0.00103889 0.175233
571 3.26008 -0.00110603 0.176456
572 3.26003 -0.00115812 0.176575
573 3.25999 -0.00119533 0.176156
574 3.25997 -0.0012176 0.174808
575 3.25996 -0.00122459 0.17209
576 3.25997 -0.00121576 0.167611
577 3.26 -0.00119041 0.16215
578 3.26004 -0.00114777 0.155296
579 3.2601 -0.0010871 0.147351
580 3.26018 -0.00100787 0.140997
581 3.26028 -0.000909805 0.146617
582 3.26039 -0.000793092 0.150608
583 3.26053 -0.000658427 0.153332
584 3.26068 -0.000507116 0.154574
585 3.26085 -0.000341111 0.155077
586 3.26102 -0.000163023 0.154194
587 3.26121 2.39217e-05 0.152641
588 3.2614 0.000215949 0.149959
589 3.2616 0.000408851 0.146446
590 3.26178 0.000598133 0.142882
591 3.26197 0.000779173 0.142446
592 3.26213 0.000947412 0.143858
593 3.26229 0.00109853 0.145196
594 3.26242 0.00122864 0.145978
595 3.26252 0.00133444 0.147292
596 3.2626 0.00141333 0.147974
597 3.26265 0.00146356 0.147585
598 3.26267 0.00148426 0.145984
599 3.26266 0.00147545 0.143432
600 3.26262 0.00143807 0.139817
601 3.26256 0.00137383 0.135096
602 3.26247 0.00128519 0.129025
603 3.26236 0.00117521 0.122042
604 3.26223 0.00104736 0.119789
605 3.26209 0.000905409 0.124615
606 3.26194 0.000753242 0.128201
607 3.26178 0.000594703 0.131109
608 3.26162 0.000433461 0.132568
609 3.26146 0.000272892 0.132995
610 3.2613 0.000115993 0.132331
611 3.26115 -3.46789e-05 0.131384
612 3.26101 -0.000177027 0.129567
613 3.26088 -0.000309419 0.127396
614 3.26076 -0.000430649 0.128124
615 3.26065 -0.000539894 0.129532
616 3.26055 -0.000636638 0.130764
617 3.26047 -0.000720605 0.131468
618 3.26039 -0.000791672 0.132133
619 3.26034 -0.000849801 0.133159
620 3.26029 -0.000894973 0.133527
621 3.26026 -0.00092714 0.133255
622 3.26024 -0.000946196 0.132576
623 3.26023 -0.000951965 0.130792
624 3.26024 -0.000944215 0.127749
625 3.26026 -0.000922686 0.123707
626 3.2603 -0.00088714 0.1188
627 3.26035 -0.000837418 0.112928
628 3.26041 -0.000773506 0.106218
629 3.26049 -0.000695606 0.110159
630 3.26058 -0.000604199 0.113364
631 3.26069 -0.000500101 0.115695
632 3.2608 -0.000384499 0.116773
633 3.26093 -0.000258973 0.117291
634 3.26106 -0.0001255 0.116839
635 3.2612 1.35818e-05 0.115709
636 3.26134 0.00015561 0.113909
637 3.26148 0.000297675 0.111385
638 3.26162 0.000436704 0.108551
639 3.26176 0.000569565 0.107594
640 3.26188 0.000693178 0.108539
641 3.26199 0.000804629 0.10967
642 3.26209 0.000901277 0.110246
643 3.26217 0.00098086 0.111281
644 3.26223 0.00104158 0.11196
645 3.26227 0.00108215 0.111777
646 3.26229 0.00110188 0.110773
647 3.26229 0.00110065 0.108915
648 3.26227 0.00107892 0.10643
649 3.26222 0.0010377 0.103022
650 3.26217 0.000978483 0.098651
651 3.26209 0.000903182 0.0935114
652 3.262 0.000814036 0.0897928
653 3.2619 0.000713516 0.093558
654 3.26179 0.000604224 0.0963803
655 3.26168 0.000488796 0.0987358
656 3.26156 0.000369811 0.100005
657 3.26144 0.000249718 0.100507
658 3.26132 0.000130769 0.100195
659 3.2612 1.49773e-05 0.0993874
660 3.26109 -9.59147e-05 0.0982362
661 3.26099 -0.000200441 0.0965373
662 3.26089 -0.000297406 0.0964746
663 3.2608 -0.00038587 0.0974945
664 3.26072 -0.000465111 0.0985795
665 3.26065 -0.000534594 0.0992383
666 3.26059 -0.00059393 0.0996801
667 3.26054 -0.000642834 0.100544
668 3.26051 -0.000681094 0.101002
669 3.26048 -0.000708543 0.100787
670 3.26046 -0.000725039 0.100466
671 3.26046 -0.000730462 0.0992524
672 3.26046 -0.000724713 0.0971728
673 3.26048 -0.000707731 0.0941924
674 3.26051 -0.000679517 0.090678
675 3.26055 -0.000640162 0.086353
676 3.2606 -0.000589882 0.0813187
677 3.26066 -0.000529052 0.0826974
678 3.26073 -0.000458241 0.0853275
679 3.26081 -0.000378237 0.087219
680 3.2609 -0.000290064 0.0881753
681 3.26099 -0.000194992 0.0886633
682 3.26109 -9.45298e-05 0.0884801
683 3.2612 9.59454e-06 0.087669
684 3.2613 0.000115464 0.086424
685 3.26141 0.000221018 0.0845982
686 3.26151 0.00032411 0.0823634
687 3.26161 0.000422569 0.0811854
688 3.2617 0.000514272 0.0819098
689 3.26178 0.000597211 0.082807
690 3.26186 0.000669562 0.0833238
691 3.26192 0.000729754 0.0840358
692 3.26196 0.000776515 0.0846271
693 3.262 0.000808921 0.0845946
694 3.26201 0.00082642 0.083979
695 3.26202 0.000828851 0.0826228
696 3.262 0.000816434 0.0809211
697 3.26198 0.000789762 0.078433
698 3.26194 0.000749761 0.0752968
699 3.26188 0.000697652 0.0714983
700 3.26182 0.000634897 0.0675622
701 3.26175 0.000563141 0.0702403
702 3.26167 0.00048415 0.0725141
703 3.26159 0.000399748 0.0743916
704 3.2615 0.000311763 0.0755
705 3.26141 0.00022197 0.0759773
706 3.26132 0.000132052 0.0758654
707 3.26123 4.35623e-05 0.0752106
708 3.26114 -4.20995e-05 0.0744893
709 3.26106 -0.0001237 0.0731949
710 3.26099 -0.000200178 0.0726943
711 3.26092 -0.000270638 0.0734577
712 3.26085 -0.000334341 0.0743502
713 3.2608 -0.000390688 0.0749115
714 3.26075 -0.000439203 0.07521
715 3.26071 -0.00047951 0.0758986
716 3.26068 -0.000511321 0.0763306
717 3.26065 -0.000534416 0.0762367
718 3.26064 -0.000548638 0.0760507
719 3.26063 -0.000553883 0.0752465
720 3.26064 -0.000550107 0.0738176
721 3.26065 -0.000537328 0.0716396
722 3.26067 -0.000515638 0.0691007
723 3.2607 -0.00048522 0.0659203
724 3.26074 -0.000446361 0.0622159
725 3.26079 -0.00039947 0.0620471
726 3.26084 -0.000345094 0.0641979
727 3.2609 -0.00028393 0.0657046
728 3.26097 -0.00021683 0.066574
729 3.26104 -0.000144803 0.0669709
730 3.26112 -6.90055e-05 0.0669539
731 3.2612 9.26987e-06 0.0663769
732 3.26128 8.86201e-05 0.0655147
733 3.26135 0.000167561 0.0642156
734 3.26143 0.000244561 0.0625085
735 3.2615 0.000318089 0.0613541
736 3.26157 0.000386649 0.0618205
737 3.26164 0.000448833 0.0625026
738 3.26169 0.000503361 0.0629342
739 3.26174 0.00054912 0.0634295
740 3.26177 0.000585203 0.0639197
741 3.2618 0.000610934 0.063973
742 3.26181 0.000625886 0.0636157
743 3.26182 0.000629895 0.0626552
744 3.26181 0.000623057 0.0614659
745 3.26179 0.000605722 0.0596459
746 3.26177 0.000578471 0.0573971
747 3.26173 0.000542098 0.0545863
748 3.26168 0.000497571 0.0513855
749 3.26163 0.000446002 0.0527058
750 3.26158 0.000388603 0.0545563
751 3.26151 0.000326653 0.0560135
752 3.26145 0.000261453 0.0569911
753 3.26138 0.000194295 0.0574111
754 3.26131 0.000126434 0.0574138
755 3.26125 5.90535e-05 0.0569457
756 3.26118 -6.74473e-06 0.0564585
757 3.26112 -6.99605e-05 0.0554834
758 3.26106 -0.000129701 0.0547679
759 3.261 -0.000185185 0.0553607
760 3.26095 -0.000235738 0.0560583
761 3.26091 -0.000280792 0.0565368
762 3.26087 -0.000319876 0.0567889
763 3.26083 -0.000352605 0.0572797
764 3.26081 -0.000378677 0.0576399
765 3.26079 -0.000397863 0.0576453
766 3.26078 -0.000410004 0.0575366
767 3.26077 -0.000415006 0.0569983
768 3.26077 -0.000412841 0.0560269
769 3.26078 -0.000403551 0.054456
770 3.2608 -0.000387253 0.0525999
771 3.26082 -0.000364141 0.0502545
772 3.26085 -0.000334499 0.0475364
773 3.26089 -0.000298708 0.0465375
774 3.26093 -0.000257245 0.0482737
775 3.26098 -0.000210698 0.0494719
776 3.26103 -0.000159754 0.0502426
777 3.26108 -0.000105209 0.0505761
778 3.26114 -4.79512e-05 0.0506305
779 3.2612 1.10482e-05 0.0502353
780 3.26126 7.07496e-05 0.0496272
781 3.26132 0.000130067 0.0487052
782 3.26137 0.000187894 0.0474656
783 3.26143 0.000243128 0.0464527
784 3.26148 0.0002947 0.0466493
785 3.26153 0.000341605 0.0471571
786 3.26157 0.000382927 0.0475333
787 3.2616 0.000417869 0.0478703
788 3.26163 0.000445774 0.0482496
789 3.26165 0.000466142 0.0483714
790 3.26167 0.000478645 0.0481644
791 3.26167 0.000483135 0.047509
792 3.26167 0.00047964 0.0466493
793 3.26165 0.000468369 0.0453412
794 3.26164 0.000449692 0.0437122
795 3.26161 0.000424131 0.0416333
796 3.26158 0.000392338 0.039291
797 3.26154 0.000355074 0.0395322
798 3.2615 0.000313181 0.0410294
799 3.26145 0.000267563 0.0421556
800 3.26141 0.000219155 0.0429937
801 3.26136 0.000168901 0.0433708
802 3.2613 0.000117732 0.0434224
803 3.26125 6.65489e-05 0.0431265
804 3.2612 1.62054e-05 0.0427635
805 3.26115 -3.25049e-05 0.0420685
806 3.26111 -7.88558e-05 0.0413846
807 3.26106 -0.000122195 0.0417435
808 3.26102 -0.000161945 0.0422646
809 3.26099 -0.000197608 0.0426484
810 3.26096 -0.000228756 0.0428842
811 3.26093 -0.000255038 0.0432098
812 3.26091 -0.000276171 0.0435141
813 3.26089 -0.000291939 0.0435829
814 3.26088 -0.000302191 0.04351
815 3.26088 -0.000306841 0.0431672
816 3.26088 -0.000305864 0.042492
817 3.26089 -0.000299303 0.0413767
818 3.2609 -0.000287266 0.0400096
819 3.26092 -0.00026993 0.0382869
820 3.26094 -0.000247545 0.0362815
821 3.26097 -0.000220435 0.0348971
822 3.261 -0.000188998 0.0362816
823 3.26103 -0.00015371 0.0372391
824 3.26107 -0.00011512 0.0378984
825 3.26111 -7.38464e-05 0.0381819
826 3.26116 -3.05707e-05 0.038268
827 3.2612 1.39726e-05 0.0380171
828 3.26125 5.90076e-05 0.0375822
829 3.26129 0.000103732 0.0369165
830 3.26133 0.000147335 0.0360364
831 3.26138 0.000189011 0.0351822
832 3.26141 0.000227987 0.0351917
833 3.26145 0.000263533 0.0355678
834 3.26148 0.000294985 0.0358914
835 3.26151 0.000321765 0.0361133
836 3.26153 0.000343389 0.0364031
837 3.26155 0.000359484 0.036574
838 3.26156 0.000369799 0.0364537
839 3.26156 0.000374204 0.0360247
840 3.26156 0.000372698 0.0353822
841 3.26155 0.000365401 0.0344639
842 3.26154 0.000352552 0.0332711
843 3.26152 0.0003345 0.0317489
844 3.2615 0.000311689 0.0300141
845 3.26147 0.000284646 0.0296606
846 3.26144 0.000253963 0.0308405
847 3.26141 0.000220284 0.0317214
848 3.26137 0.000184285 0.0324193
849 3.26133 0.000146657 0.0327522
850 3.26129 0.000108096 0.0328279
851 3.26126 6.92805e-05 0.0326464
852 3.26122 3.08678e-05 0.0323726
853 3.26118 -6.52121e-06 0.0318935
854 3.26114 -4.23082e-05 0.0313249
855 3.26111 -7.59639e-05 0.0314618
856 3.26108 -0.000107012 0.0318603
857 3.26105 -0.000135032 0.0321872
858 3.26103 -0.000159659 0.0323773
859 3.26101 -0.000180589 0.0325913
860 3.26099 -0.000197571 0.032844
861 3.26098 -0.000210414 0.0329387
862 3.26097 -0.000218982 0.0328848
863 3.26096 -0.000223195 0.0326814
864 3.26096 -0.000223031 0.0322066
865 3.26097 -0.000218521 0.0314242
866 3.26098 -0.000209756 0.0304115
867 3.26099 -0.000196884 0.0291595
868 3.26101 -0.000180111 0.0276728
869 3.26103 -0.000159701 0.0261746
870 3.26105 -0.000135975 0.0272565
871 3.26108 -0.00010931 0.0280256
872 3.26111 -8.01377e-05 0.0285764
873 3.26114 -4.89358e-05 0.0288148
874 3.26117 -1.6226e-05 0.0289211
875 3.2612 1.74353e-05 0.0287786
876 3.26124 5.14657e-05 0.028452
877 3.26127 8.52679e-05 0.0279729
878 3.2613 0.000118241 0.0273483
879 3.26134 0.000149792 0.0266556
880 3.26137 0.000179352 0.0265569
881 3.26139 0.000206386 0.026816
882 3.26142 0.000230408 0.0270929
883 3.26144 0.000250989 0.0272376
884 3.26145 0.000267773 0.0274854
885 3.26147 0.000280479 0.0276482
886 3.26148 0.000288911 0.0275795
887 3.26148 0.000292961 0.0273061
888 3.26148 0.000292613 0.0268233
889 3.26147 0.000287934 0.0261853
890 3.26147 0.000279082 0.0253086
891 3.26145 0.00026629 0.0242014
892 3.26144 0.000249865 0.0229104
893 3.26142 0.000230175 0.0222516
894 3.26139 0.000207642 0.0231714
895 3.26137 0.000182726 0.023873
896 3.26134 0.00015592 0.0244358
897 3.26131 0.000127733 0.0247287
898 3.26129 9.86817e-05 0.0248148
899 3.26126 6.92797e-05 0.0247167
900 3.26123 4.00287e-05 0.024496
901 3.2612 1.14101e-05 0.0241768
902 3.26117 -1.61218e-05 0.0237304
903 3.26114 -4.21454e-05 0.0237173
904 3.26112 -6.62763e-05 0.0240117
905 3.2611 -8.81702e-05 0.0242834
906 3.26108 -0.000107526 0.0244448
907 3.26106 -0.000124087 0.0245784
908 3.26105 -0.000137642 0.0247879
909 3.26104 -0.000148025 0.0248895
910 3.26103 -0.00015512 0.0248442
911 3.26103 -0.000158854 0.0247319
912 3.26103 -0.000159204 0.024401
913 3.26103 -0.000156191 0.0238523
914 3.26104 -0.000149888 0.0231027
915 3.26105 -0.00014041 0.0221947
916 3.26106 -0.000127921 0.0210929
917 3.26107 -0.00011263 0.019816
918 3.26109 -9.47912e-05 0.0204689
919 3.26111 -7.46983e-05 0.0210964
920 3.26113 -5.26854e-05 0.0215389
921 3.26116 -2.91207e-05 0.0217476
922 3.26118 -4.40226e-06 0.0218532
923 3.26121 2.1048e-05 0.0217786
924 3.26123 4.67913e-05 0.021539
925 3.26126 7.23802e-05 0.0212019
926 3.26128 9.73661e-05 0.0207469
927 3.26131 0.000121309 0.0202028
928 3.26133 0.000143787 0.0200334
929 3.26135 0.000164402 0.0202317
930 3.26137 0.000182795 0.0204435
931 3.26139 0.000198647 0.0205583
932 3.2614 0.00021169 0.020757
933 3.26141 0.000221711 0.0208925
934 3.26142 0.000228558 0.0208619
935 3.26142 0.000232144 0.0206893
936 3.26142 0.000232442 0.020333
937 3.26142 0.000229493 0.0198855
938 3.26141 0.000223397 0.0192424
939 3.2614 0.000214315 0.0184389
940 3.26139 0.000202459 0.0174779
941 3.26137 0.00018809 0.0166865
942 3.26136 0.000171508 0.0174025
943 3.26134 0.000153047 0.0179628
944 3.26132 0.000133067 0.0184111
945 3.2613 0.000111943 0.0186645
946 3.26128 9.00616e-05 0.0187555
947 3.26125 6.78089e-05 0.0187087
948 3.26123 4.55674e-05 0.0185286
949 3.26121 2.37077e-05 0.0183266
950 3.26119 2.58325e-06 0.0179798
951 3.26117 -1.74743e-05 0.0178826
952 3.26115 -3.61593e-05 0.0180912
953 3.26113 -5.31955e-05 0.0183157
954 3.26112 -6.83385e-05 0.018452
955 3.26111 -8.13778e-05 0.0185304
956 3.26109 -9.21388e-05 0.0187069
957 3.26109 -0.000100483 0.0187996
958 3.26108 -0.000106311 0.0187674
959 3.26108 -0.000109559 0.0187097
960 3.26108 -0.000110204 0.0184828
961 3.26108 -0.000108259 0.018098
962 3.26108 -0.000103777 0.0175419
963 3.26109 -9.68474e-05 0.0168848
964 3.2611 -8.75975e-05 0.0160698
965 3.26111 -7.61891e-05 0.0151277
966 3.26112 -6.28184e-05 0.0153655
967 3.26114 -4.7713e-05 0.0158753
968 3.26116 -3.11296e-05 0.0162293
969 3.26117 -1.33501e-05 0.0164156
970 3.26119 5.32234e-06 0.0165068
971 3.26121 2.45677e-05 0.0164768
972 3.26123 4.40549e-05 0.0163026
973 3.26125 6.34471e-05 0.016066
974 3.26127 8.24079e-05 0.0157383
975 3.26129 0.000100608 0.0153153
976 3.2613 0.000117732 0.0151129
977 3.26132 0.000133484 0.0152682
978 3.26133 0.000147592 0.0154301
979 3.26135 0.00015982 0.0155289
980 3.26136 0.000169963 0.015671
981 3.26136 0.00017786 0.0157818
982 3.26137 0.000183393 0.0157756
983 3.26137 0.000186489 0.0156699
984 3.26137 0.000187122 0.0154098
985 3.26137 0.000185313 0.0150964
986 3.26137 0.000181127 0.014624
987 3.26136 0.000174674 0.0140417
988 3.26135 0.000166103 0.0133272
989 3.26134 0.0001556 0.0125766
990 3.26133 0.00014338 0.0130656
991 3.26132 0.000129687 0.0135109
992 3.2613 0.000114784 0.013867
993 3.26129 9.89492e-05 0.0140848
994 3.26127 8.24706e-05 0.0141708
995 3.26125 6.56399e-05 0.0141556
996 3.26124 4.87473e-05 0.0140212
997 3.26122 3.20767e-05 0.0138869
998 3.2612 1.59016e-05 0.0136261
999 3.26119 4.80276e-07 0.0134817
1000 3.26117 -1.39468e-05 0.0136299
1001 3.26116 -2.71606e-05 0.0138126
1002 3.26115 -3.89656e-05 0.0139279
1003 3.26114 -4.91924e-05 0.013979
1004 3.26113 -5.76985e-05 0.0141162
1005 3.26112 -6.43706e-05 0.0141947
1006 3.26112 -6.91245e-05 0.014176
1007 3.26111 -7.19066e-05 0.0141493
1008 3.26111 -7.26936e-05 0.0139954
1009 3.26112 -7.14928e-05 0.013728
1010 3.26112 -6.83419e-05 0.0133145
1011 3.26112 -6.33081e-05 0.0128411
1012 3.26113 -5.6488e-05 0.0122373
1013 3.26114 -4.80054e-05 0.0115432
1014 3.26115 -3.80105e-05 0.0115308
1015 3.26116 -2.66776e-05 0.0119421
1016 3.26117 -1.42027e-05 0.0122242
1017 3.26119 -8.00682e-07 0.0123907
1018 3.2612 1.32979e-05 0.0124664
1019 3.26121 2.78507e-05 0.0124613
1020 3.26123 4.26071e-05 0.012341
1021 3.26124 5.7313e-05 0.0121701
1022 3.26126 7.17154e-05 0.0119347
1023 3.26127 8.55665e-05 0.0116104
1024 3.26129 9.86289e-05 0.0114029
1025 3.2613 0.00011068 0.0115229
1026 3.26131 0.000121516 0.0116463
1027 3.26132 0.000130957 0.0117283
1028 3.26133 0.000138849 0.0118306
1029 3.26133 0.000145068 0.0119172
1030 3.26134 0.00014952 0.0119266
1031 3.26134 0.000152148 0.0118657
1032 3.26134 0.000152925 0.0116797
1033 3.26134 0.000151862 0.0114566
1034 3.26134 0.000149002 0.0111111
1035 3.26133 0.000144419 0.0106889
1036 3.26132 0.000138219 0.0101584
1037 3.26132 0.000130534 0.00955843
1038 3.26131 0.000121521 0.00980664
1039 3.2613 0.000111357 0.0101654
1040 3.26129 0.000100235 0.0104408
1041 3.26127 8.83634e-05 0.0106282
1042 3.26126 7.59562e-05 0.0107063
1043 3.26125 6.32331e-05 0.0107068
1044 3.26124 5.04144e-05 0.0106191
1045 3.26122 3.7717e-05 0.0105193
1046 3.26121 2.5351e-05 0.0103248
1047 3.2612 1.35169e-05 0.0101642
1048 3.26119 2.40211e-06 0.0102804
1049 3.26118 -7.82121e-06 0.0104149
1050 3.26117 -1.69984e-05 0.0105109
1051 3.26116 -2.49943e-05 0.0105538
1052 3.26115 -3.16945e-05 0.0106514
1053 3.26115 -3.70067e-05 0.0107164
1054 3.26115 -4.08619e-05 0.0107148
1055 3.26114 -4.32144e-05 0.0106983
1056 3.26114 -4.40427e-05 0.0105942
1057 3.26114 -4.33492e-05 0.0104096
1058 3.26115 -4.11602e-05 0.01011
1059 3.26115 -3.75253e-05 0.00976283
1060 3.26115 -3.25169e-05 0.00931509
1061 3.26116 -2.62286e-05 0.00880451
1062 3.26117 -1.87744e-05 0.00865044
1063 3.26118 -1.02868e-05 0.0089801
1064 3.26119 -9.14775e-07 0.00920444
1065 3.2612 9.17852e-06 0.00934945
1066 3.26121 1.98182e-05 0.00941449
1067 3.26122 3.08204e-05 0.00942151
1068 3.26123 4.19957e-05 0.00934145
1069 3.26124 5.31521e-05 0.00921612
1070 3.26125 6.40984e-05 0.00904746
1071 3.26126 7.46476e-05 0.00881014
1072 3.26127 8.46205e-05 0.00862436
1073 3.26128 9.38489e-05 0.00869348
1074 3.26129 0.000102179 0.00878795
1075 3.2613 0.000109473 0.00885833
1076 3.2613 0.000115614 0.00892932
1077 3.26131 0.000120506 0.00899595
1078 3.26131 0.000124077 0.00901844
1079 3.26131 0.000126278 0.00898262
1080 3.26131 0.000127088 0.00885592
1081 3.26131 0.000126509 0.0086915
1082 3.26131 0.000124568 0.0084431
1083 3.26131 0.000121318 0.00813455
1084 3.2613 0.000116833 0.00774183
1085 3.2613 0.000111207 0.00729897
1086 3.26129 0.000104556 0.00735824
1087 3.26128 9.70081e-05 0.00764556
1088 3.26128 8.87069e-05 0.00785909
1089 3.26127 7.98059e-05 0.00801725
1090 3.26126 7.04659e-05 0.00808743
1091 3.26125 6.08525e-05 0.00809596
1092 3.26124 5.11322e-05 0.00804024
1093 3.26123 4.14706e-05 0.00796604
1094 3.26122 3.20286e-05 0.00782904
1095 3.26121 2.29609e-05 0.00769214
1096 3.2612 1.44129e-05 0.00775302
1097 3.26119 6.519e-06 0.00785197
1098 3.26119 -5.99359e-07 0.00792967
1099 3.26118 -6.83524e-06 0.00796976
1100 3.26117 -1.20975e-05 0.00803541
1101 3.26117 -1.63121e-05 0.00808958
1102 3.26117 -1.94225e-05 0.00809873
1103 3.26117 -2.13906e-05 0.00808733
1104 3.26116 -2.21969e-05 0.00802094
1105 3.26116 -2.18408e-05 0.00789077
1106 3.26117 -2.03399e-05 0.00767724
1107 3.26117 -1.77305e-05 0.00742038
1108 3.26117 -1.4066e-05 0.00709098
1109 3.26118 -9.41687e-06 0.00671335
1110 3.26118 -3.86886e-06 0.0064885
1111 3.26119 2.47786e-06 0.00675035
1112 3.2612 9.51053e-06 0.0069298
1113 3.2612 1.71055e-05 0.00705257
1114 3.26121 2.51304e-05 0.00710811
1115 3.26122 3.3446e-05 0.00712126
1116 3.26123 4.1909e-05 0.00707147
1117 3.26124 5.03739e-05 0.00697931
1118 3.26125 5.86961e-05 0.00685663
1119 3.26125 6.67342e-05 0.00668764
1120 3.26126 7.43525e-05 0.00653017
1121 3.26127 8.14233e-05 0.00655674
1122 3.26127 8.78296e-05 0.00662968
1123 3.26128 9.34668e-05 0.00669041
1124 3.26128 9.82449e-05 0.0067377
1125 3.26129 0.00010209 0.00678864
1126 3.26129 0.000104945 0.0068191
1127 3.26129 0.000106771 0.00679796
1128 3.26129 0.000107549 0.00671525
1129 3.26129 0.000107277 0.00659167
1130 3.26129 0.000105974 0.0064157
1131 3.26129 0.000103675 0.00618864
1132 3.26129 0.000100432 0.00590134
1133 3.26128 9.63148e-05 0.00557185
1134 3.26128 9.14054e-05 0.00552323
1135 3.26127 8.57994e-05 0.00574841
1136 3.26127 7.96027e-05 0.00591557
1137 3.26126 7.29295e-05 0.00604614
1138 3.26125 6.59002e-05 0.00610774
1139 3.26125 5.86394e-05 0.00612094
1140 3.26124 5.12732e-05 0.00608668
1141 3.26123 4.39275e-05 0.00603067
1142 3.26122 3.67254e-05 0.00593562
1143 3.26122 2.97859e-05 0.00582508
1144 3.26121 2.32212e-05 0.00584643
1145 3.2612 1.71357e-05 0.00592137
1146 3.2612 1.16244e-05 0.00598307
1147 3.26119 6.77117e-06 0.0060195
1148 3.26119 2.64821e-06 0.00606308
1149 3.26119 -6.85296e-07 0.00610658
1150 3.26118 -3.18371e-06 0.00612165
1151 3.26118 -4.81548e-06 0.00611211
1152 3.26118 -5.56343e-06 0.00607175
1153 3.26118 -5.42489e-06 0.0059796
1154 3.26118 -4.41158e-06 0.00582869
1155 3.26118 -2.54934e-06 0.00563824
1156 3.26119 1.22411e-07 0.00539807
1157 3.26119 3.55133e-06 0.00511736
1158 3.26119 7.67303e-06 0.00486806
1159 3.2612 1.24122e-05 0.00507265
1160 3.2612 1.76837e-05 0.00521639
1161 3.26121 2.33942e-05 0.00531864
1162 3.26122 2.94435e-05 0.00536513
1163 3.26122 3.57264e-05 0.00538255
1164 3.26123 4.21342e-05 0.00535346
1165 3.26124 4.8557e-05 0.0052842
1166 3.26124 5.48851e-05 0.00519482
1167 3.26125 6.10112e-05 0.00507553
1168 3.26125 6.68324e-05 0.00494407
1169 3.26126 7.22517e-05 0.00494488
1170 3.26126 7.71798e-05 0.00499999
1171 3.26127 8.15367e-05 0.0050517
1172 3.26127 8.52533e-05 0.0050833
1173 3.26127 8.82721e-05 0.00512794
1174 3.26128 9.05485e-05 0.0051557
1175 3.26128 9.20517e-05 0.00514395
1176 3.26128 9.27643e-05 0.00509073
1177 3.26128 9.26836e-05 0.00499768
1178 3.26128 9.18203e-05 0.00487437
1179 3.26128 9.01992e-05 0.00470678
1180 3.26127 8.78575e-05 0.00449731
1181 3.26127 8.48449e-05 0.00425197
1182 3.26127 8.12218e-05 0.00414518
1183 3.26126 7.70583e-05 0.00432049
1184 3.26126 7.24329e-05 0.0044528
1185 3.26125 6.74306e-05 0.00455833
1186 3.26125 6.21417e-05 0.0046122
1187 3.26124 5.666e-05 0.00462732
1188 3.26124 5.10808e-05 0.00460829
1189 3.26123 4.54997e-05 0.00456433
1190 3.26123 4.00109e-05 0.00450114
1191 3.26122 3.47053e-05 0.0044139
1192 3.26122 2.96695e-05 0.00440809
1193 3.26121 2.49844e-05 0.00446462
1194 3.26121 2.07238e-05 0.00451516
1195 3.2612 1.69532e-05 0.00454608
1196 3.2612 1.37296e-05 0.00457438
1197 3.2612 1.10999e-05 0.0046102
1198 3.2612 9.10079e-06 0.00462655
1199 3.26119 7.75816e-06 0.00461912
1200 3.26119 7.08686e-06 0.00459512
1201 3.26119 7.0906e-06 0.0045304
1202 3.26119 7.76197e-06 0.00442404
1203 3.2612 9.08271e-06 0.00428284
1204 3.2612 1.1024e-05 0.0041081
1205 3.2612 1.35471e-05 0.0038996
1206 3.2612 1.6604e-05 0.00366302
1207 3.26121 2.01382e-05 0.00381056
1208 3.26121 2.40856e-05 0.00392751
1209 3.26121 2.83759e-05 0.00400992
1210 3.26122 3.29334e-05 0.0040489
1211 3.26122 3.76786e-05 0.00406807
1212 3.26123 4.25292e-05 0.00405201
1213 3.26123 4.74019e-05 0.00400234
1214 3.26124 5.22136e-05 0.00393605
1215 3.26124 5.68829e-05 0.00385109
1216 3.26125 6.13315e-05 0.00374839
1217 3.26125 6.54854e-05 0.00373155
1218 3.26126 6.92765e-05 0.00377319
1219 3.26126 7.26435e-05 0.00381321
1220 3.26126 7.55331e-05 0.00383538
1221 3.26126 7.79008e-05 0.00387372
1222 3.26127 7.97116e-05 0.00389704
1223 3.26127 8.09406e-05 0.00389153
1224 3.26127 8.15733e-05 0.00385809
1225 3.26127 8.16058e-05 0.00378882
1226 3.26127 8.10446e-05 0.00370228
1227 3.26127 7.99066e-05 0.00357916
1228 3.26126 7.82184e-05 0.00342621
1229 3.26126 7.60158e-05 0.00324374
1230 3.26126 7.33429e-05 0.00310979
1231 3.26126 7.02514e-05 0.0032461
1232 3.26125 6.67996e-05 0.00335149
1233 3.26125 6.30507e-05 0.00343553
1234 3.26125 5.90726e-05 0.00348204
1235 3.26124 5.49356e-05 0.00349848
1236 3.26124 5.07119e-05 0.003489
1237 3.26123 4.64741e-05 0.00345355
1238 3.26123 4.22939e-05 0.00341293
1239 3.26122 3.8241e-05 0.00334485
1240 3.26122 3.43819e-05 0.00332503
1241 3.26122 3.07789e-05 0.00336524
1242 3.26121 2.74893e-05 0.00340698
1243 3.26121 2.45642e-05 0.00343301
1244 3.26121 2.20483e-05 0.00345077
1245 3.26121 1.99785e-05 0.0034803
1246 3.2612 1.83843e-05 0.00349592
1247 3.2612 1.72868e-05 0.0034903
1248 3.2612 1.66985e-05 0.00347681
1249 3.2612 1.66237e-05 0.00343211
1250 3.2612 1.70578e-05 0.00335716
1251 3.2612 1.79882e-05 0.00325235
1252 3.26121 1.93939e-05 0.00312561
1253 3.26121 2.12463e-05 0.00297074
1254 3.26121 2.35099e-05 0.00279109
1255 3.26121 2.61422e-05 0.00286144
1256 3.26122 2.90954e-05 0.00295635
1257 3.26122 3.23163e-05 0.00302233
1258 3.26122 3.5748e-05 0.00305561
1259 3.26123 3.93302e-05 0.00307383
1260 3.26123 4.3001e-05 0.00306644
1261 3.26123 4.6697e-05 0.00303153
1262 3.26124 5.03553e-05 0.00298366
1263 3.26124 5.39139e-05 0.00292208
1264 3.26124 5.73133e-05 0.002843
1265 3.26125 6.04972e-05 0.00281577
1266 3.26125 6.34133e-05 0.00284797
1267 3.26125 6.60147e-05 0.00287826
1268 3.26125 6.82602e-05 0.00289646
1269 3.26126 7.01152e-05 0.00292562
1270 3.26126 7.15523e-05 0.00294478
1271 3.26126 7.25516e-05 0.00294366
1272 3.26126 7.31009e-05 0.00292306
1273 3.26126 7.3196e-05 0.00287216
1274 3.26126 7.28407e-05 0.0028114
1275 3.26126 7.20463e-05 0.0027209
1276 3.26126 7.08318e-05 0.00260955
1277 3.26126 6.9223e-05 0.00247389
1278 3.26125 6.72522e-05 0.00233952
1279 3.26125 6.49576e-05 0.00243811
1280 3.26125 6.23824e-05 0.00252212
1281 3.26125 5.95737e-05 0.00258846
1282 3.26124 5.65824e-05 0.00262813
1283 3.26124 5.34615e-05 0.00264423
1284 3.26124 5.02655e-05 0.00264079
1285 3.26123 4.70495e-05 0.00261411
1286 3.26123 4.38679e-05 0.00258716
1287 3.26123 4.07741e-05 0.00253617
1288 3.26122 3.78192e-05 0.00250833
1289 3.26122 3.5051e-05 0.00253654
1290 3.26122 3.25139e-05 0.00257037
1291 3.26122 3.02477e-05 0.00259219
1292 3.26121 2.82871e-05 0.0026035
1293 3.26121 2.66613e-05 0.00262695
1294 3.26121 2.53939e-05 0.00264095
1295 3.26121 2.45017e-05 0.00263704
1296 3.26121 2.39954e-05 0.00262993
1297 3.26121 2.38793e-05 0.00259952
1298 3.26121 2.41509e-05 0.00254715
1299 3.26121 2.48013e-05 0.00246914
1300 3.26121 2.58155e-05 0.00237763
1301 3.26121 2.71726e-05 0.00226263
1302 3.26122 2.88461e-05 0.00213031
1303 3.26122 3.08044e-05 0.00214803
1304 3.26122 3.30117e-05 0.00222462
1305 3.26122 3.54281e-05 0.00227725
1306 3.26122 3.80106e-05 0.00230714
1307 3.26123 4.07138e-05 0.00232203
1308 3.26123 4.34907e-05 0.00231993
1309 3.26123 4.62935e-05 0.00229623
1310 3.26124 4.90743e-05 0.00226111
1311 3.26124 5.17861e-05 0.00221676
1312 3.26124 5.43834e-05 0.00215572
1313 3.26124 5.68234e-05 0.00212445
1314 3.26125 5.90659e-05 0.00215017
1315 3.26125 6.10751e-05 0.00217337
1316 3.26125 6.2819e-05 0.00218823
1317 3.26125 6.42708e-05 0.00220933
1318 3.26125 6.5409e-05 0.00222454
1319 3.26125 6.62176e-05 0.00222606
1320 3.26125 6.66866e-05 0.00221417
1321 3.26125 6.68119e-05 0.00217785
1322 3.26125 6.65953e-05 0.00213435
1323 3.26125 6.60446e-05 0.00206794
1324 3.26125 6.51731e-05 0.00198706
1325 3.26125 6.39995e-05 0.00188636
1326 3.26125 6.25475e-05 0.00177179
1327 3.26125 6.08453e-05 0.00183071
1328 3.26125 5.89248e-05 0.00189836
1329 3.26124 5.68213e-05 0.00194967
1330 3.26124 5.45729e-05 0.00198394
1331 3.26124 5.22194e-05 0.00199835
1332 3.26124 4.98021e-05 0.0019982
1333 3.26123 4.73626e-05 0.00198057
1334 3.26123 4.49425e-05 0.00196062
1335 3.26123 4.25824e-05 0.00192262
1336 3.26123 4.03214e-05 0.0018921
1337 3.26122 3.81964e-05 0.00191321
1338 3.26122 3.62415e-05 0.00193906
1339 3.26122 3.44877e-05 0.00195715
1340 3.26122 3.2962e-05 0.00196642
1341 3.26122 3.16873e-05 0.00198292
1342 3.26122 3.06823e-05 0.0019945
1343 3.26122 2.99606e-05 0.00199213
1344 3.26122 2.95311e-05 0.00198907
1345 3.26122 2.93978e-05 0.00196838
1346 3.26122 2.95595e-05 0.00193208
1347 3.26122 3.00102e-05 0.00187425
1348 3.26122 3.07392e-05 0.00180821
1349 3.26122 3.17312e-05 0.00172293
1350 3.26122 3.29666e-05 0.00162555
1351 3.26122 3.44219e-05 0.00161201
1352 3.26122 3.60703e-05 0.00167343
1353 3.26122 3.78818e-05 0.00171531
1354 3.26123 3.98242e-05 0.00174149
1355 3.26123 4.18631e-05 0.00175413
1356 3.26123 4.39631e-05 0.00175468
1357 3.26123 4.60878e-05 0.00173882
1358 3.26123 4.82011e-05 0.0017131
1359 3.26124 5.0267e-05 0.00168124
1360 3.26124 5.22512e-05 0.0016357
1361 3.26124 5.41206e-05 0.00160405
1362 3.26124 5.58447e-05 0.00162286
1363 3.26124 5.73957e-05 0.00164066
1364 3.26125 5.87492e-05 0.00165359
1365 3.26125 5.98842e-05 0.00166825
1366 3.26125 6.07839e-05 0.00168
1367 3.26125 6.14355e-05 0.00168352
1368 3.26125 6.18308e-05 0.00167689
1369 3.26125 6.19659e-05 0.00165169
1370 3.26125 6.18416e-05 0.00161989
1371 3.26125 6.1463e-05 0.00157185
1372 3.26125 6.08396e-05 0.00151277
1373 3.26125 5.99849e-05 0.00143801
1374 3.26125 5.89161e-05 0.00135362
1375 3.26124 5.76541e-05 0.00137421
1376 3.26124 5.62225e-05 0.00142837
1377 3.26124 5.46478e-05 0.00146806
1378 3.26124 5.29584e-05 0.00149718
1379 3.26124 5.11844e-05 0.00151015
1380 3.26124 4.93568e-05 0.00151158
1381 3.26123 4.75073e-05 0.00150016
1382 3.26123 4.56673e-05 0.00148544
1383 3.26123 4.3868e-05 0.00145865
1384 3.26123 4.21391e-05 0.00143244
1385 3.26123 4.0509e-05 0.00144381
1386 3.26123 3.9004e-05 0.00146248
1387 3.26122 3.76481e-05 0.00147726
1388 3.26122 3.64622e-05 0.0014853
1389 3.26122 3.54645e-05 0.00149698
1390 3.26122 3.46695e-05 0.00150619
1391 3.26122 3.40882e-05 0.00150628
1392 3.26122 3.3728e-05 0.00150414
1393 3.26122 3.35924e-05 0.00149053
1394 3.26122 3.36812e-05 0.00146514
1395 3.26122 3.39904e-05 0.00142344
1396 3.26122 3.45122e-05 0.00137493
1397 3.26122 3.52357e-05 0.00131175
1398 3.26122 3.61462e-05 0.00124005
1399 3.26122 3.72265e-05 0.00120934
1400 3.26123 3.84565e-05 0.00125839
1401 3.26123 3.98136e-05 0.00129181
1402 3.26123 4.12737e-05 0.00131414
1403 3.26123 4.28109e-05 0.00132492
1404 3.26123 4.43983e-05 0.00132682
1405 3.26123 4.60085e-05 0.00131643
1406 3.26123 4.7614e-05 0.0012978
1407 3.26124 4.91876e-05 0.00127475
1408 3.26124 5.07028e-05 0.00124182
1409 3.26124 5.21347e-05 0.00121406
1410 3.26124 5.34597e-05 0.00122451
1411 3.26124 5.46566e-05 0.00123823
1412 3.26124 5.57063e-05 0.00124936
1413 3.26124 5.65927e-05 0.00125931
1414 3.26124 5.73025e-05 0.00126839
1415 3.26124 5.78257e-05 0.00127327
1416 3.26124 5.81554e-05 0.00126964
1417 3.26124 5.82882e-05 0.00125289
1418 3.26124 5.82242e-05 0.00122908
1419 3.26124 5.79667e-05 0.0011949
1420 3.26124 5.75223e-05 0.00115143
1421 3.26124 5.69009e-05 0.00109651
1422 3.26124 5.6115e-05 0.00103385
1423 3.26124 5.518e-05 0.00103151
1424 3.26124 5.41135e-05 0.00107437
1425 3.26124 5.29352e-05 0.00110533
1426 3.26124 5.16664e-05 0.00112954
1427 3.26124 5.03297e-05 0.001141
1428 3.26124 4.89486e-05 0.00114328
1429 3.26123 4.75469e-05 0.00113609
1430 3.26123 4.61487e-05 0.0011251
1431 3.26123 4.47776e-05 0.00110669
1432 3.26123 4.34564e-05 0.0010851
1433 3.26123 4.22068e-05 0.00108944
1434 3.26123 4.1049e-05 0.00110338
1435 3.26123 4.00017e-05 0.00111472
1436 3.26123 3.90811e-05 0.0011222
1437 3.26122 3.83012e-05 0.00113025
1438 3.26122 3.76737e-05 0.00113713
1439 3.26122 3.72072e-05 0.00113908
1440 3.26122 3.6908e-05 0.00113739
1441 3.26122 3.6779e-05 0.00112876
1442 3.26122 3.68205e-05 0.00111076
1443 3.26122 3.70299e-05 0.00108119
1444 3.26122 3.74018e-05 0.00104521
1445 3.26122 3.79282e-05 0.000999058
1446 3.26123 3.85983e-05 0.000945767
1447 3.26123 3.93993e-05 0.000907507
1448 3.26123 4.03162e-05 0.000946
1449 3.26123 4.13323e-05 0.000972639
1450 3.26123 4.24292e-05 0.000991431
1451 3.26123 4.35876e-05 0.00100044
1452 3.26123 4.47871e-05 0.00100306
1453 3.26123 4.60069e-05 0.000996957
1454 3.26123 4.72263e-05 0.000983481
1455 3.26124 4.84244e-05 0.00096629
1456 3.26124 4.95812e-05 0.000942952
1457 3.26124 5.06776e-05 0.000919738
1458 3.26124 5.16955e-05 0.000923644
1459 3.26124 5.26186e-05 0.000934279
1460 3.26124 5.34322e-05 0.000943714
1461 3.26124 5.41237e-05 0.000950503
1462 3.26124 5.46828e-05 0.000958542
1463 3.26124 5.51014e-05 0.000962897
1464 3.26124 5.5374e-05 0.000961014
1465 3.26124 5.54977e-05 0.000950211
1466 3.26124 5.54721e-05 0.000932306
1467 3.26124 5.52992e-05 0.000908159
1468 3.26124 5.49839e-05 0.000876153
1469 3.26124 5.4533e-05 0.000836062
1470 3.26124 5.39558e-05 0.000789407
1471 3.26124 5.32637e-05 0.000774446
1472 3.26124 5.24696e-05 0.000807819
1473 3.26124 5.15884e-05 0.000832173
1474 3.26124 5.06359e-05 0.000851955
1475 3.26124 4.96291e-05 0.00086191
1476 3.26124 4.85858e-05 0.000864578
1477 3.26123 4.75241e-05 0.000860269
1478 3.26123 4.6462e-05 0.000851939
1479 3.26123 4.54177e-05 0.000839569
1480 3.26123 4.44086e-05 0.00082264
1481 3.26123 4.34512e-05 0.00082186
1482 3.26123 4.25613e-05 0.00083244
1483 3.26123 4.17529e-05 0.000841609
1484 3.26123 4.10389e-05 0.000847854
1485 3.26123 4.04302e-05 0.000853291
1486 3.26123 3.99359e-05 0.000858802
1487 3.26123 3.95629e-05 0.000861369
1488 3.26123 3.93162e-05 0.000860086
1489 3.26123 3.91984e-05 0.000854612
1490 3.26123 3.92103e-05 0.000841886
1491 3.26123 3.93499e-05 0.000821036
1492 3.26123 3.96137e-05 0.000794345
1493 3.26123 3.99956e-05 0.000760716
1494 3.26123 4.0488e-05 0.000721135
1495 3.26123 4.10813e-05 0.000680933
1496 3.26123 4.17642e-05 0.000710907
1497 3.26123 4.25244e-05 0.000732477
1498 3.26123 4.33481e-05 0.00074779
1499 3.26123 4.42206e-05 0.000755243
1500 3.26123 4.51265e-05 0.000758431
1501 3.26123 4.60503e-05 0.000754885
1502 3.26123 4.69761e-05 0.000745274
1503 3.26123 4.7888e-05 0.000732284
1504 3.26124 4.87709e-05 0.000715851
1505 3.26124 4.96101e-05 0.000696816
1506 3.26124 5.03918e-05 0.000696576
1507 3.26124 5.11033e-05 0.00070509
1508 3.26124 5.17335e-05 0.00071268
1509 3.26124 5.22724e-05 0.000717452
1510 3.26124 5.27121e-05 0.000724252
1511 3.26124 5.3046e-05 0.000728159
1512 3.26124 5.32699e-05 0.00072726
1513 3.26124 5.33811e-05 0.00072047
1514 3.26124 5.3379e-05 0.000707066
1515 3.26124 5.32649e-05 0.000690032
1516 3.26124 5.30422e-05 0.000666495
1517 3.26124 5.27158e-05 0.000637296
1518 3.26124 5.22925e-05 0.000602574
1519 3.26124 5.17806e-05 0.000581225
1520 3.26124 5.11898e-05 0.000607178
1521 3.26124 5.0531e-05 0.000626581
1522 3.26124 4.98163e-05 0.000642386
1523 3.26124 4.90584e-05 0.000650988
1524 3.26123 4.82706e-05 0.000653875
1525 3.26123 4.74666e-05 0.000651613
1526 3.26123 4.66603e-05 0.000644923
1527 3.26123 4.58653e-05 0.000636887
1528 3.26123 4.50949e-05 0.00062361
1529 3.26123 4.43619e-05 0.000620057
1530 3.26123 4.36782e-05 0.000627887
1531 3.26123 4.30549e-05 0.000635398
1532 3.26123 4.25016e-05 0.000640586
1533 3.26123 4.20271e-05 0.00064405
1534 3.26123 4.16384e-05 0.000648698
1535 3.26123 4.1341e-05 0.000651182
1536 3.26123 4.1139e-05 0.000650289
1537 3.26123 4.10346e-05 0.000646951
1538 3.26123 4.10286e-05 0.000638046
1539 3.26123 4.11199e-05 0.000623326
1540 3.26123 4.13058e-05 0.000603536
1541 3.26123 4.15823e-05 0.000579087
1542 3.26123 4.19434e-05 0.000549706
1543 3.26123 4.23823e-05 0.0005151
1544 3.26123 4.28906e-05 0.000534045
1545 3.26123 4.3459e-05 0.000551574
1546 3.26123 4.40771e-05 0.000563855
1547 3.26123 4.47339e-05 0.00057011
1548 3.26123 4.54179e-05 0.000573328
1549 3.26123 4.61173e-05 0.000571536
1550 3.26123 4.68198e-05 0.000564755
1551 3.26123 4.75137e-05 0.00055506
1552 3.26123 4.81873e-05 0.000543365
1553 3.26124 4.88294e-05 0.000528664
1554 3.26124 4.94294e-05 0.000525885
1555 3.26124 4.99776e-05 0.000532337
1556 3.26124 5.04653e-05 0.000538055
1557 3.26124 5.08849e-05 0.000541437
1558 3.26124 5.12301e-05 0.000547222
1559 3.26124 5.14958e-05 0.000550484
1560 3.26124 5.16785e-05 0.000550281
1561 3.26124 5.1776e-05 0.000546126
1562 3.26124 5.17875e-05 0.000536205
1563 3.26124 5.1714e-05 0.000524244
1564 3.26124 5.15576e-05 0.000506875
1565 3.26124 5.13219e-05 0.00048564
1566 3.26124 5.10119e-05 0.000459829
1567 3.26124 5.06337e-05 0.000436039
1568 3.26124 5.01944e-05 0.000456202
1569 3.26124 4.97023e-05 0.000471772
1570 3.26124 4.91662e-05 0.000484209
1571 3.26124 4.85959e-05 0.000491558
1572 3.26123 4.80013e-05 0.00049443
1573 3.26123 4.73928e-05 0.000493421
1574 3.26123 4.67809e-05 0.000488204
1575 3.26123 4.6176e-05 0.000483029
1576 3.26123 4.55881e-05 0.000472991
1577 3.26123 4.50272e-05 0.000467994
1578 3.26123 4.45023e-05 0.000473521
1579 3.26123 4.40219e-05 0.000479637
1580 3.26123 4.35936e-05 0.000483852
1581 3.26123 4.32241e-05 0.000486046
1582 3.26123 4.29189e-05 0.00048999
1583 3.26123 4.26825e-05 0.000492144
1584 3.26123 4.2518e-05 0.000491527
1585 3.26123 4.24274e-05 0.000489635
1586 3.26123 4.24115e-05 0.000483492
1587 3.26123 4.24695e-05 0.000473165
1588 3.26123 4.25998e-05 0.000458441
1589 3.26123 4.27993e-05 0.00044075
1590 3.26123 4.30638e-05 0.000418915
1591 3.26123 4.33881e-05 0.000393431
1592 3.26123 4.3766e-05 0.000401039
1593 3.26123 4.41907e-05 0.000415221
1594 3.26123 4.46542e-05 0.00042503
1595 3.26123 4.51485e-05 0.000430334
1596 3.26123 4.56647e-05 0.000433275
1597 3.26123 4.61939e-05 0.000432602
1598 3.26123 4.67269e-05 0.000427921
1599 3.26123 4.72547e-05 0.000420871
1600 3.26123 4.77684e-05 0.00041244
1601 3.26123 4.82594e-05 0.000401088
1602 3.26124 4.87197e-05 0.000397035
1603 3.26124 4.91419e-05 0.000401974
1604 3.26124 4.95191e-05 0.000406407
1605 3.26124 4.98455e-05 0.000409197
1606 3.26124 5.01161e-05 0.000413365
1607 3.26124 5.0327e-05 0.000416037
1608 3.26124 5.04753e-05 0.000416324
1609 3.26124 5.05592e-05 0.000413853
1610 3.26124 5.0578e-05 0.000406749
1611 3.26124 5.0532e-05 0.000398199
1612 3.26124 5.0423e-05 0.000385428
1613 3.26124 5.02533e-05 0.000369962
1614 3.26124 5.00266e-05 0.000350794
1615 3.26124 4.97474e-05 0.000329578
1616 3.26124 4.94211e-05 0.000342667
1617 3.26124 4.90537e-05 0.000355241
1618 3.26124 4.86518e-05 0.000364861
1619 3.26123 4.82228e-05 0.000371148
1620 3.26123 4.77743e-05 0.000373767
1621 3.26123 4.73139e-05 0.000373523
1622 3.26123 4.68497e-05 0.000370052
1623 3.26123 4.63896e-05 0.000366237
1624 3.26123 4.59413e-05 0.000358726
1625 3.26123 4.55122e-05 0.000353134
1626 3.26123 4.51095e-05 0.000357309
1627 3.26123 4.47395e-05 0.000362058
1628 3.26123 4.44082e-05 0.000365456
1629 3.26123 4.41208e-05 0.000367252
1630 3.26123 4.38816e-05 0.000370124
1631 3.26123 4.36941e-05 0.000371841
1632 3.26123 4.35608e-05 0.000371417
1633 3.26123 4.34835e-05 0.0003705
1634 3.26123 4.34627e-05 0.000366282
1635 3.26123 4.34982e-05 0.000359095
1636 3.26123 4.35888e-05 0.000348148
1637 3.26123 4.37323e-05 0.000335372
1638 3.26123 4.39256e-05 0.000319162
1639 3.26123 4.41649e-05 0.000300425
1640 3.26123 4.44457e-05 0.000301069
1641 3.26123 4.47628e-05 0.000312471
1642 3.26123 4.51102e-05 0.000320283
1643 3.26123 4.5482e-05 0.000324956
1644 3.26123 4.58714e-05 0.000327409
1645 3.26123 4.62716e-05 0.000327348
1646 3.26123 4.66759e-05 0.000324201
1647 3.26123 4.70772e-05 0.000319096
1648 3.26123 4.74688e-05 0.000312977
1649 3.26123 4.78442e-05 0.000304396
1650 3.26123 4.81972e-05 0.000299678
1651 3.26124 4.8522e-05 0.000303525
1652 3.26124 4.88136e-05 0.000306925
1653 3.26124 4.90672e-05 0.000309254
1654 3.26124 4.92792e-05 0.000312244
1655 3.26124 4.94462e-05 0.000314329
1656 3.26124 4.9566e-05 0.000314903
1657 3.26124 4.96371e-05 0.000313572
1658 3.26124 4.96589e-05 0.000308584
1659 3.26124 4.96316e-05 0.000302376
1660 3.26124 4.95561e-05 0.000293084
1661 3.26124 4.94344e-05 0.000281765
1662 3.26124 4.92689e-05 0.000267544
1663 3.26124 4.90631e-05 0.000251355
1664 3.26124 4.88208e-05 0.000257308
1665 3.26124 4.85467e-05 0.000267402
1666 3.26123 4.82456e-05 0.000274846
1667 3.26123 4.79231e-05 0.000280205
1668 3.26123 4.75848e-05 0.000282553
1669 3.26123 4.72367e-05 0.000282677
1670 3.26123 4.68847e-05 0.000280421
1671 3.26123 4.65349e-05 0.000277603
1672 3.26123 4.61931e-05 0.000272304
1673 3.26123 4.58651e-05 0.000267332
1674 3.26123 4.55562e-05 0.000269667
1675 3.26123 4.52715e-05 0.00027325
1676 3.26123 4.50155e-05 0.00027596
1677 3.26123 4.47922e-05 0.000277546
1678 3.26123 4.46049e-05 0.00027962
1679 3.26123 4.44565e-05 0.000280941
1680 3.26123 4.4349e-05 0.000280661
1681 3.26123 4.42838e-05 0.000280337
1682 3.26123 4.42615e-05 0.000277436
1683 3.26123 4.4282e-05 0.000272452
1684 3.26123 4.43444e-05 0.000264365
1685 3.26123 4.44472e-05 0.000255143
1686 3.26123 4.45882e-05 0.000243123
1687 3.26123 4.47646e-05 0.000229342
1688 3.26123 4.4973e-05 0.00022595
1689 3.26123 4.52095e-05 0.000235068
1690 3.26123 4.54699e-05 0.00024128
1691 3.26123 4.57493e-05 0.000245321
1692 3.26123 4.60429e-05 0.000247395
1693 3.26123 4.63455e-05 0.00024764
1694 3.26123 4.6652e-05 0.000245552
1695 3.26123 4.6957e-05 0.000241922
1696 3.26123 4.72554e-05 0.000237435
1697 3.26123 4.75423e-05 0.000231058
1698 3.26123 4.78129e-05 0.000226389
1699 3.26123 4.80627e-05 0.00022913
1700 3.26123 4.82879e-05 0.000231722
1701 3.26124 4.84849e-05 0.00023375
1702 3.26124 4.86506e-05 0.000235798
1703 3.26124 4.87826e-05 0.000237412
1704 3.26124 4.8879e-05 0.000238219
1705 3.26124 4.89387e-05 0.000237524
1706 3.26124 4.89609e-05 0.000234139
1707 3.26124 4.89459e-05 0.000229544
1708 3.26124 4.88942e-05 0.000222879
1709 3.26124 4.88071e-05 0.000214561
1710 3.26124 4.86866e-05 0.000204054
1711 3.26124 4.8535e-05 0.000192109
1712 3.26123 4.83554e-05 0.000193161
1713 3.26123 4.81509e-05 0.000201214
1714 3.26123 4.79255e-05 0.000206993
1715 3.26123 4.76832e-05 0.000211477
1716 3.26123 4.74282e-05 0.000213564
1717 3.26123 4.7165e-05 0.000213888
1718 3.26123 4.68982e-05 0.00021245
1719 3.26123 4.66324e-05 0.000210364
1720 3.26123 4.63719e-05 0.000206725
1721 3.26123 4.61213e-05 0.000202552
1722 3.26123 4.58845e-05 0.000203596
1723 3.26123 4.56656e-05 0.000206247
1724 3.26123 4.54678e-05 0.000208362
1725 3.26123 4.52944e-05 0.000209774
1726 3.26123 4.51481e-05 0.000211265
1727 3.26123 4.50309e-05 0.000212262
1728 3.26123 4.49446e-05 0.000212351
1729 3.26123 4.48901e-05 0.0002121
1730 3.26123 4.48682e-05 0.000210205
1731 3.26123 4.48788e-05 0.00020666
1732 3.26123 4.49213e-05 0.000200855
1733 3.26123 4.49947e-05 0.000194063
1734 3.26123 4.50973e-05 0.000185236
1735 3.26123 4.52272e-05 0.000175033
1736 3.26123 4.53817e-05 0.000169559
1737 3.26123 4.55581e-05 0.000176784
1738 3.26123 4.5753e-05 0.000181741
1739 3.26123 4.59629e-05 0.000185152
1740 3.26123 4.61842e-05 0.00018689
1741 3.26123 4.64129e-05 0.00018729
1742 3.26123 4.66451e-05 0.00018597
1743 3.26123 4.68769e-05 0.000183402
1744 3.26123 4.71042e-05 0.000180077
1745 3.26123 4.73233e-05 0.000175508
1746 3.26123 4.75306e-05 0.000171439
1747 3.26123 4.77227e-05 0.000172945
1748 3.26123 4.78965e-05 0.000174907
1749 3.26123 4.80493e-05 0.00017663
1750 3.26123 4.81787e-05 0.000178032
1751 3.26123 4.82829e-05 0.000179483
1752 3.26123 4.83602e-05 0.000180203
1753 3.26124 4.84097e-05 0.000179866
1754 3.26124 4.8431e-05 0.000177655
1755 3.26124 4.84239e-05 0.000174204
1756 3.26123 4.83889e-05 0.000169479
1757 3.26123 4.83269e-05 0.000163354
1758 3.26123 4.82393e-05 0.00015567
1759 3.26123 4.81278e-05 0.000146791
1760 3.26123 4.79947e-05 0.000145068
1761 3.26123 4.78424e-05 0.00015137
1762 3.26123 4.76737e-05 0.000155882
1763 3.26123 4.74917e-05 0.000159569
1764 3.26123 4.72995e-05 0.000161378
1765 3.26123 4.71007e-05 0.000161815
1766 3.26123 4.68985e-05 0.000160929
1767 3.26123 4.66966e-05 0.000159374
1768 3.26123 4.64982e-05 0.000156913
1769 3.26123 4.63068e-05 0.000153662
1770 3.26123 4.61254e-05 0.000153671
1771 3.26123 4.59571e-05 0.000155682
1772 3.26123 4.58045e-05 0.000157311
1773 3.26123 4.567e-05 0.000158565
1774 3.26123 4.55558e-05 0.000159595
1775 3.26123 4.54634e-05 0.000160423
1776 3.26123 4.53943e-05 0.000160651
1777 3.26123 4.53492e-05 0.000160462
1778 3.26123 4.53288e-05 0.000159242
1779 3.26123 4.53331e-05 0.000156713
1780 3.26123 4.53617e-05 0.00015261
1781 3.26123 4.54138e-05 0.000147566
1782 3.26123 4.54884e-05 0.000141135
1783 3.26123 4.55838e-05 0.000133553
1784 3.26123 4.56983e-05 0.000127268
1785 3.26123 4.58297e-05 0.000132903
1786 3.26123 4.59755e-05 0.000136875
1787 3.26123 4.61332e-05 0.000139711
1788 3.26123 4.62998e-05 0.000141142
1789 3.26123 4.64726e-05 0.000141644
1790 3.26123 4.66485e-05 0.000140881
1791 3.26123 4.68245e-05 0.000139019
1792 3.26123 4.69976e-05 0.000136537
1793 3.26123 4.71649e-05 0.000133312
1794 3.26123 4.73237e-05 0.000129915
1795 3.26123 4.74713e-05 0.000130495
1796 3.26123 4.76054e-05 0.000131992
1797 3.26123 4.77238e-05 0.000133429
1798 3.26123 4.78247e-05 0.000134429
1799 3.26123 4.79067e-05 0.000135658
1800 3.26123 4.79685e-05 0.00013628
1801 3.26123 4.80094e-05 0.000136162
1802 3.26123 4.80288e-05 0.000134761
1803 3.26123 4.80267e-05 0.000132169
1804 3.26123 4.80033e-05 0.000128841
1805 3.26123 4.79594e-05 0.000124338
1806 3.26123 4.78959e-05 0.000118734
1807 3.26123 4.7814e-05 0.000112131
1808 3.26123 4.77155e-05 0.000108925
1809 3.26123 4.76021e-05 0.000113831
1810 3.26123 4.74759e-05 0.000117407
1811 3.26123 4.73392e-05 0.000120365
1812 3.26123 4.71946e-05 0.000121931
1813 3.26123 4.70444e-05 0.000122404
1814 3.26123 4.68913e-05 0.000121928
1815 3.26123 4.67379e-05 0.00012071
1816 3.26123 4.65869e-05 0.000119089
1817 3.26123 4.64408e-05 0.000116553
1818 3.26123 4.63019e-05 0.000115967
1819 3.26123 4.61726e-05 0.000117481
1820 3.26123 4.60549e-05 0.000118823
1821 3.26123 4.59507e-05 0.000119846
1822 3.26123 4.58616e-05 0.000120532
1823 3.26123 4.57889e-05 0.000121282
1824 3.26123 4.57337e-05 0.000121509
1825 3.26123 4.56967e-05 0.000121361
1826 3.26123 4.56784e-05 0.000120607
1827 3.26123 4.56788e-05 0.000118816
1828 3.26123 4.56977e-05 0.000115924
1829 3.26123 4.57345e-05 0.000112178
1830 3.26123 4.57885e-05 0.000107504
1831 3.26123 4.58586e-05 0.000101874
1832 3.26123 4.59433e-05 9.56577e-05
1833 3.26123 4.60411e-05 9.98785e-05
1834 3.26123 4.61501e-05 0.000103109
1835 3.26123 4.62684e-05 0.000105391
1836 3.26123 4.6394e-05 0.000106578
1837 3.26123 4.65244e-05 0.000107123
1838 3.26123 4.66576e-05 0.000106705
1839 3.26123 4.67912e-05 0.00010539
1840 3.26123 4.6923e-05 0.000103513
1841 3.26123 4.70507e-05 0.000101235
1842 3.26123 4.71722e-05 9.84854e-05
1843 3.26123 4.72856e-05 9.84728e-05
1844 3.26123 4.73889e-05 9.96814e-05
1845 3.26123 4.74806e-05 0.000100775
1846 3.26123 4.75593e-05 0.000101485
1847 3.26123 4.76237e-05 0.000102521
1848 3.26123 4.7673e-05 0.000103071
1849 3.26123 4.77064e-05 0.00010305
1850 3.26123 4.77237e-05 0.000102193
1851 3.26123 4.77246e-05 0.000100267
1852 3.26123 4.77093e-05 9.79181e-05
1853 3.26123 4.76783e-05 9.46124e-05
1854 3.26123 4.76324e-05 9.0539e-05
1855 3.26123 4.75724e-05 8.56266e-05
1856 3.26123 4.74995e-05 8.17527e-05
1857 3.26123 4.74151e-05 8.55683e-05
1858 3.26123 4.73208e-05 8.84513e-05
1859 3.26123 4.72183e-05 9.07704e-05
1860 3.26123 4.71093e-05 9.2105e-05
1861 3.26123 4.6996e-05 9.25957e-05
1862 3.26123 4.68801e-05 9.23731e-05
