0 -4.26049 20.7331 -4.26049 20.7331 -4.26049 -4.26049
0.12 -4.26048 20.7331 -4.26048 20.7331 -4.26048 -4.26048
0.24 -4.26043 20.7332 -4.26043 20.7332 -4.26043 -4.26043
0.36 -4.26034 20.7333 -4.26034 20.7333 -4.26034 -4.26034
0.48 -4.26022 20.7334 -4.26022 20.7334 -4.26022 -4.26022
0.6 -4.26007 20.7336 -4.26007 20.7336 -4.26007 -4.26007
0.72 -4.25987 20.7337 -4.25987 20.7337 -4.25987 -4.25987
0.84 -4.25965 20.734 -4.25965 20.734 -4.25965 -4.25965
0.96 -4.2594 20.7342 -4.2594 20.7342 -4.2594 -4.2594
1.08 -4.25916 20.7345 -4.25916 20.7345 -4.25916 -4.25916
1.2 -4.25896 20.7347 -4.25896 20.7347 -4.25896 -4.25896
1.32 -4.25885 20.7348 -4.25885 20.7348 -4.25885 -4.25885
1.44 -4.25892 20.7347 -4.25892 20.7347 -4.25892 -4.25892
1.56 -4.25928 20.7343 -4.25928 20.7343 -4.25928 -4.25928
1.68 -4.26006 20.7336 -4.26006 20.7336 -4.26006 -4.26006
1.8 -4.26146 20.7322 -4.26146 20.7322 -4.26146 -4.26146
1.92 -4.26369 20.7299 -4.26369 20.7299 -4.26369 -4.26369
2.04 -4.267 20.7266 -4.267 20.7266 -4.267 -4.267
2.16 -4.2717 20.7218 -4.2717 20.7218 -4.2717 -4.2717
2.28 -4.27807 20.7154 -4.27807 20.7154 -4.27807 -4.27807
2.4 -4.2864 20.7069 -4.2864 20.7069 -4.2864 -4.2864
2.52 -4.2969 20.696 -4.2969 20.696 -4.2969 -4.2969
2.64 -4.3096 20.6827 -4.3096 20.6827 -4.3096 -4.3096
2.76 -4.32415 20.6671 -4.32415 20.6671 -4.32415 -4.32415
2.88 -4.33955 20.6499 -4.33955 20.6499 -4.33955 -4.33955
3 -4.3537 20.6326 -4.3537 20.6326 -4.3537 -4.3537
3.12 -4.36288 20.618 -4.36288 20.618 -4.36288 -4.36288
3.24 -4.36119 20.6105 -4.36119 20.6105 -4.36119 -4.36119
3.36 -4.34016 20.616 -4.34016 20.616 -4.34016 -4.34016
3.48 -4.2889 20.6414 -4.2889 20.6414 -4.2889 -4.2889
3.6 -4.19504 20.6926 -4.19504 20.6926 -4.19504 -4.19504
3.72 -4.0469 20.7709 -4.0469 20.7709 -4.0469 -4.0469
3.84 -3.83686 20.8671 -3.83686 20.8671 -3.83686 -3.83686
3.96 -3.56628 20.9515 -3.56628 20.9515 -3.56628 -3.56628
4.08 -3.2529 20.9566 -3.2529 20.9566 -3.2529 -3.2529
4.2 -2.94487 20.7393 -2.94487 20.7393 -2.94487 -2.94487
4.32 -2.74988 19.998 -2.74988 19.998 -2.74988 -2.74988
4.44 -2.87581 18.1096 -2.87581 18.1096 -2.87581 -2.87581
4.56 -3.5445 14.0084 -3.5445 14.0084 -3.5445 -3.5445
4.68 -4.18515 6.97194 -4.18515 6.97194 -4.18515 -4.18515
4.8 -2.02747 -0.654761 -2.02747 -0.654761 -2.02747 -2.02669
4.92 4.73506 -4.24716 4.73506 -4.24716 4.73506 4.73506
5.04 12.2131 -4.12739 12.2131 -4.12739 12.2131 12.2131
5.16 16.9651 -3.45478 16.9651 -3.45478 16.9651 16.9651
5.28 19.1957 -3.30732 19.1957 -3.30732 19.1957 19.1957
5.4 20.0388 -3.53949 20.0388 -3.53949 20.0388 20.0388
5.52 20.2547 -3.89648 20.2547 -3.89648 20.2547 20.2547
5.64 20.2385 -4.21563 20.2385 -4.21563 20.2385 20.2385
5.76 20.1885 -4.40324 20.1885 -4.40324 20.1885 20.1885
5.88 20.1933 -4.41323 20.1933 -4.41323 20.1933 20.1933
6 20.2612 -4.2421 20.2612 -4.2421 20.2612 20.2612
6.12 20.3245 -3.92792 20.3245 -3.92792 20.3245 20.3245
6.24 20.2203 -3.55188 20.2203 -3.55188 20.2203 20.2203
6.36 19.6254 -3.25349 19.6254 -3.25349 19.6254 19.6254
6.48 17.9071 -3.26204 17.9071 -3.26204 17.9071 17.9071
6.6 13.999 -3.8148 13.999 -3.8148 13.999 13.999
6.72 7.14223 -4.38143 7.14223 -4.38143 7.14223 7.14223
6.84 -0.424544 -2.23685 -0.424544 -2.23685 -0.424544 -0.424544
6.96 -4.03967 4.54492 -4.03967 4.54492 -4.03967 -4.03967
7.08 -3.8673 12.1815 -3.8673 12.1815 -3.8673 -3.8673
7.2 -3.08053 17.1339 -3.08053 17.1339 -3.08053 -3.08053
7.32 -2.81141 19.5443 -2.81141 19.5443 -2.81141 -2.81141
7.44 -2.93505 20.5412 -2.93505 20.5412 -2.93505 -2.93505
7.56 -3.21687 20.8768 -3.21687 20.8768 -3.21687 -3.21687
7.68 -3.52487 20.9262 -3.52487 20.9262 -3.52487 -3.52487
7.8 -3.79886 20.8658 -3.79886 20.8658 -3.79886 -3.79886
7.92 -4.0156 20.7788 -4.0156 20.7788 -4.0156 -4.0156
8.04 -4.17111 20.7026 -4.17111 20.7026 -4.17111 -4.17111
8.16 -4.2717 20.6503 -4.2717 20.6503 -4.2717 -4.2717
8.28 -4.32851 20.6228 -4.32851 20.6228 -4.32851 -4.32851
8.4 -4.35377 20.615 -4.35377 20.615 -4.35377 -4.35377
8.52 -4.35851 20.6207 -4.35851 20.6207 -4.35851 -4.35851
8.64 -4.3514 20.6339 -4.3514 20.6339 -4.3514 -4.3514
8.76 -4.33859 20.6503 -4.33859 20.6503 -4.33859 -4.33859
8.88 -4.32402 20.667 -4.32402 20.667 -4.32402 -4.32402
9 -4.30993 20.6822 -4.30993 20.6822 -4.30993 -4.30993
9.12 -4.29747 20.6954 -4.29747 20.6954 -4.29747 -4.29747
9.24 -4.28706 20.7061 -4.28706 20.7061 -4.28706 -4.28706
9.36 -4.27873 20.7147 -4.27873 20.7147 -4.27873 -4.27873
9.48 -4.27232 20.7212 -4.27232 20.7212 -4.27232 -4.27232
9.6 -4.26755 20.726 -4.26755 20.726 -4.26755 -4.26755
9.72 -4.26415 20.7294 -4.26415 20.7294 -4.26415 -4.26415
9.84 -4.26184 20.7318 -4.26184 20.7318 -4.26184 -4.26184
9.96 -4.26037 20.7333 -4.26037 20.7333 -4.26037 -4.26037
10.08 -4.25951 20.7341 -4.25951 20.7341 -4.25951 -4.25951
10.2 -4.2591 20.7345 -4.2591 20.7345 -4.2591 -4.2591
10.32 -4.25898 20.7346 -4.25898 20.7346 -4.25898 -4.25898
10.44 -4.25905 20.7346 -4.25905 20.7346 -4.25905 -4.25905
10.56 -4.25922 20.7344 -4.25922 20.7344 -4.25922 -4.25922
10.68 -4.25943 20.7342 -4.25943 20.7342 -4.25943 -4.25943
10.8 -4.25966 20.734 -4.25966 20.734 -4.25966 -4.25966
10.92 -4.25987 20.7337 -4.25987 20.7337 -4.25987 -4.25987
11.04 -4.26006 20.7336 -4.26006 20.7336 -4.26006 -4.26006
11.16 -4.26021 20.7334 -4.26021 20.7334 -4.26021 -4.26021
11.28 -4.26033 20.7333 -4.26033 20.7333 -4.26033 -4.26033
11.4 -4.26043 20.7332 -4.26043 20.7332 -4.26043 -4.26043
11.52 -4.26049 20.7331 -4.26049 20.7331 -4.26049 -4.26049
11.64 -4.26054 20.7331 -4.26054 20.7331 -4.26054 -4.26054
11.76 -4.26057 20.7331 -4.26057 20.7331 -4.26057 -4.26057
11.88 -4.26057 20.733 -4.26057 20.733 -4.26057 -4.26057
